303 466 387 273 309
60 481 154 290 223
21 234 127 394 306
108 421 51 251 494
192 116 285 308 261
367 377 400 181 319
317 493 500 454 459
417 185 224 250 256
26 363 13 339 61
299 34 50 119 266
128 238 492 295 423
219 389 102 446 37
419 265 321 470 24
123 235 274 353 236
318 468 14 112 174
487 189 480 32 10
220 507 159 22 170
180 84 193 320 161
101 441 248 54 456
86 467 332 252 325
82 503 197 29 300
322 188 43 125 81
257 222 297 486 253
430 20 56 442 70
287 375 439 333 12
153 191 403 88 489
166 504 190 378 233
267 76 315 281 137
311 329 177 260 461
432 5 406 30 204
491 340 15 122 93
99 199 411 404 437
255 392 288 118 42
121 443 229 152 283
249 205 463 237 338
148 371 214 458 217
301 326 305 473 35
431 452 399 313 330
415 171 7 203 323
245 279 448 23 45
416 483 115 149 215
68 145 104 355 179
183 64 147 336 284
124 280 499 198 397
89 366 505 310 259
427 327 91 365 167
440 243 484 328 316
302 386 136 424 39
165 418 157 138 48
140 62 9 206 334
497 25 292 142 370
36 376 343 158 356
495 348 433 254 11
172 129 426 207 211
429 502 244 391 269
434 384 408 3 85
425 344 368 242 379
390 162 345 141 350
476 6 396 92 307
71 312 106 239 107
69 380 438 143 17
230 294 19 150 52
130 95 209 74 475
33 53 226 477 277
453 258 398 103 208
346 383 75 31 354
341 278 176 335 359
445 100 364 67 464
66 87 455 262 105
337 231 395 402 298
221 65 444 351 47
